<Trait>	PC1	PC2	PC3	PC4
11430	-21.4969764437768	-17.783827385611	59.9846570961178	-13.6927550190976
207	30.1528389550239	8.7032484833879	8.15713262714501	-28.826381439973
29MIBZ2	32.6948941131801	6.68361005291873	21.7712321289874	-24.311018963893
2FACC	-43.4457932108814	45.0836331239709	-28.7587050269347	-8.16802344983721
2MA22	26.261512462266	4.98285760540103	-0.178520833201971	-18.2573333843945
33-16	53.7618670110057	2.0420482631782	13.8231345175833	32.7582947786148
38-11	-30.4985890671797	-19.9695913447631	-15.6119383030023	-26.9104902919516
3IIH6	27.8872068596568	4.5640630968289	27.3047392367601	-16.0863324129292
4226	-13.5652340232468	-20.2362009522663	-18.3630305461662	-21.1230360409653
4676A	-53.6271473722699	-0.595077121300635	-8.62390497019996	-13.0466609277842
4722	4.12989750301631	-15.7653102976586	-14.1567841613823	-10.0947800530609
5707	10.3751141803084	-10.1422325052449	-9.26326226252831	-15.0560124231357
6F629	-42.3794614397033	33.7435203837363	7.51688959324432	-1.53359270709999
764	-43.2929486586601	58.2180406732957	12.5687676308314	14.5140467026893
778	-45.0689933858842	-13.870784087238	40.4916715360278	-2.51518852847599
779	-50.7286544824187	-42.6785013251183	46.2377515711535	14.7340927592607
78004	-8.33067127009698	62.4812888198123	3.35786257390962	-6.6549441130414
78010	-72.7276942149343	40.9223966876644	64.2587514877887	31.5993881708902
78371A	-46.6814363740392	-38.0467676000805	61.1048741504724	-3.05472292714955
78551S	0.15558616609126	-5.40783521858745	-0.19505932179459	-33.2661234937278
792	-50.9663657079671	40.6784459906098	63.5955108982454	16.388970351149
793	-98.1780151713547	55.3899987180013	27.0398940438324	13.779177308622
807	3.77683443279226	10.1377341020974	36.4698215695234	-1.48731301540366
A188	43.8984680521497	11.5632258932936	21.2180537391063	-1.31072709124352
A214N	18.6305468668953	30.1931434540652	0.889436827049247	5.30378115826503
A239	-27.4211385636537	-44.3150182504546	9.22863931008467	53.0638252483131
A441-5	75.6240724586059	9.99468118112287	13.0725510500599	21.4272787969871
A554	-2.37675653727288	-12.1798030141697	7.26323253629332	-5.96998924729392
A556	-47.5419454763313	-35.3284864684558	-26.8978834681189	-5.77252914230577
A6	52.4451470452357	7.33417266385186	18.7145602223498	11.2354345301336
A619	26.2896292295113	-2.25968679145622	5.41220414846225	-12.8309047821144
A632	-8.39398660807732	38.6549312091056	10.1735857302279	3.23630529951343
A634	-53.8379277117017	22.047595939297	17.3353774383731	2.45889631191832
A635	-0.438215511035037	37.4897497944767	11.0507354346684	-5.16574528371029
A641	33.6715217942701	23.7746352037599	22.4436064631173	7.21191666364281
A654	-13.5719948633649	-19.4599560856525	-1.26258546026578	-4.02307714277239
A659	-27.1819183107573	-18.2425858591813	-0.947328384092965	-9.00841942655001
A661	-10.5372955752664	-20.2957301237778	6.8048587131875	-2.60011742126171
A679	-127.98265687754	33.2179909320747	-14.0462367402715	22.6796883152988
A680	-64.4993529980447	78.1680821464563	-22.5000260338858	4.58966478488306
A682	-29.1831905906073	-32.6553071777347	30.1163732141804	-24.7118229928945
AB28A	-1.68785700827095	-10.5158866079409	11.5657045500576	-0.100822717704386
AQA3	24.930457451821	30.849826249121	30.1273011600652	6.39171382496253
B10	-2.20978450487432	25.4760841863737	-12.3645947475427	-10.0756710598825
B103	-61.7856291297776	-29.7524282507816	28.1599478735989	-17.2940993572058
B104	-86.9852480290579	12.8339386096238	-23.0412841244344	-7.81960093951126
B105	-21.2025349748479	18.9630574848235	-20.2715010354303	0.724257147781433
B109	-87.2437881117716	59.1638766989685	-29.1256711316607	15.8799119968489
B164	48.0304588962174	15.1450042261598	-19.3945565232414	-3.68813219708969
B2	36.1526407228181	9.61547315776356	-10.6449465630891	-1.89686790520216
B37	6.84482048279592	26.8525556033812	-12.0882859748778	-17.0640161383477
B46	-13.5493766137157	-2.34153594057755	-6.08460355355088	-16.589578762855
B52	-73.1926914579914	-24.8704148930353	-25.5136795076866	-24.2173296666115
B57	27.22007023044	-0.602675074830699	1.41707709443345	2.25513214408056
B64	31.3541956202685	40.9680938698241	2.09942944263378	-4.84160647653455
B68	-78.9071881162255	-29.842198506729	-12.3276866853172	13.2755272588921
B73	-56.7525097647834	86.7207218800472	-19.9051577447839	6.39825543843218
B73HTRHM	-10.9495551460103	75.760746997151	-31.2389926109341	-0.154701541121635
B75	26.9697068919347	12.1228754835088	-7.80833666063023	-7.52136502219007
B76	29.0575097282049	24.0431596379135	-6.07675217914788	3.4086872283826
B77	-6.80422417225485	-11.8801714549166	-8.55602270721066	-9.48688898853167
B79	14.1287132108804	13.7596942808863	-5.26786748921808	-3.2235322632263
B84	-48.8581815646456	33.5159431199316	-14.0825378015501	9.43854978942401
B97	-44.0551339330044	-33.835939396083	5.23235421881832	4.37906176821507
BLACKJEWELL85	38.4748005887008	3.90425678559612	-11.105937595803	-2.38072568281303
BO9	-53.8568352895239	7.46064659793542	2.71926931015919	-13.5233539270506
C103	17.9952529640202	-10.9699364619747	9.36568340629066	-15.0617305859848
C123	10.3732200370997	-16.2554183280432	5.34032663513005	-10.7601201533979
C49A	21.2418659396055	-5.73829661069481	28.0760374239029	14.3001973104586
CH701-30	-10.6950462957447	-15.322951287675	23.055944450236	6.33007763737603
CH9	-59.8252564648815	-42.3555111513813	-24.643933858056	-6.93858963142413
CI187-2	-43.7845114860045	-21.7277292777801	-15.7489592734682	-25.510655615484
CI21E	22.9158023614819	-3.20852847914004	-14.325417014657	-24.3818923516896
CI28A	12.2208038409297	-4.92994624901476	-21.4215537902497	-7.61243219230081
CI31A	9.43405047213615	-2.59231920996795	-20.7838410240868	-7.41434455619962
CI3A	29.4200232196523	5.13288926391517	-12.1448585654495	-5.46155879473483
CI64	42.1714567198891	6.11086618420544	-14.2825057287045	-1.7429975646683
CI66	-21.2066197595169	-19.9055982261281	-10.3499410002314	7.42061864768002
CI7GOODMAN-BUCKLER	18.0197940154361	-3.43593670304514	-17.2477652175471	-9.63370954268454
CI90C	15.1284778838564	-1.77232806239734	-16.4731034541555	-13.2483212523878
CI91BGOODMAN-BUCKLER	5.60744440562447	0.258378322239776	-8.81609460152755	-25.5399151848673
CM105	-15.9055661370515	20.7854147049403	-5.44729353900545	-17.035910169361
CM174	-13.4693113340696	27.67891378579	-13.2102185398941	-15.6781023175724
CM37	12.6153793999912	-6.13094419155694	0.201649401793848	-9.27583384730215
CM7	41.7117449541477	6.74815495219998	26.9181614963825	3.83349520662028
CML10	34.6331220987611	-6.85993171496489	-1.91153699149904	31.8594724732029
CML108	-19.8246483859532	-29.3182023675842	34.3226563032423	29.5447820500876
CML11	-12.5301358366102	-33.8800826080621	-19.8769751340922	26.4991013252885
CML14	14.8700505871876	-16.7182611551691	6.88057346704997	35.7418628021145
CML154Q	41.5981692488477	-1.30160393699694	5.8990123727268	17.6713876634161
CML157Q	64.9023481619687	7.1780514224298	2.90732872139194	10.2539970977573
CML158Q	-73.5950874879328	-66.367275556511	-14.8701872292939	31.2414364385893
CML218	-26.1816201861654	-21.1246231594731	-29.4222057843212	21.4316845966642
CML220	63.0268261890364	7.09699967622164	1.03853003769954	18.9154685699202
CML228	-45.6480479775388	-56.4020840219519	-24.6815653648235	38.0656899698399
CML238	20.1810490344543	-15.2399843103425	-8.99139855002128	26.6781768148758
CML247	25.6143852712876	-12.6087381698519	-7.69035978380997	23.2230079925742
CML254	43.2462815401778	-2.46384816977616	-9.991443622911	22.4149065624972
CML258	62.8828356101544	12.4470296345061	-8.89773438208328	9.40088874824989
CML261	34.9307310447992	-5.3082791774797	-23.6812625522925	15.1947514959965
CML264	49.3459071064108	-0.874911125931687	4.19336729668356	24.1602104156523
CML277	39.1955283017901	-6.56104466711176	0.664242837005719	27.434720986023
CML281	14.2030256472789	-14.0489437979176	-6.59165172140625	25.6410117447136
CML287	-40.7167109863066	-30.2736634903812	-7.51337718193264	2.72532802256945
CML311	35.9418997634811	-6.95508360376412	-5.68900491159192	11.8714965764614
CML314	33.7675683517727	-6.57910491465182	-0.835870855586448	23.3894910932768
CML321	-4.57470287541411	-31.4734160875875	-3.35207215297185	26.2131099417839
CML322	-57.0659524654563	-51.7923094309219	-0.451677700008693	43.7932569096772
CML323	14.997146428297	-14.9652984560617	2.3621607538573	14.4888388926003
CML328	60.9048447486916	6.1919869391587	2.43752139681758	13.8647523752974
CML331	12.6903588863313	-21.3754279040193	-13.299374508993	28.8178501066075
CML332	25.2632182641131	-15.2504360772707	-6.43029612539064	25.5432445305334
CML333	66.3635160584863	7.89660892051372	7.33237929941525	15.3763674117969
CML341	64.0818844445465	7.72148800873244	0.170318955543297	13.9387696544205
CML38	19.9810756751244	-14.0920534561986	1.20126433668746	38.3854650670665
CML45	19.931983659283	-14.0306629213916	-13.3754557529532	24.9496641693025
CML5	-8.5070557626314	-30.9654972553243	-30.1137857418953	19.0634374512913
CML52	62.8121396629813	9.70704273354942	3.98611234070039	18.8803965772276
CML61	-4.39526747157161	-26.4484258304884	0.497483740936142	29.0374185766743
CML69	-9.39918455306755	-30.0677841178631	1.21061160730395	29.4162671676473
CML77	36.4465378153062	-2.60882842974955	-8.24770968941087	4.29965458481991
CML91	31.9254312953461	-2.08361754894266	19.5971761039751	20.541637777237
CML92	-33.4303811146841	-26.6728197141316	35.5692505816717	40.0011180654401
CMV3	-23.2691295469506	-23.695482781067	-7.81042158713758	-12.5382432206356
CO106	-55.8020900589758	-48.4714303961582	-20.1205756094449	-10.0893524215752
CO125	22.0972559020793	0.0707132397657714	-6.34903485769069	-3.90472810701678
CO255	6.84707848152392	-4.66801914641213	-18.6713915883115	-4.16882097662735
CQ702RC	-10.3231646948164	-7.00335985053363	5.57165087343106	-33.7944897529243
CR14	-42.34630718774	52.1751542448883	26.3614998534398	11.6638241189744
CR1HT	-37.7333633973932	-35.8694160280463	52.3415726959049	-5.14033590740552
CS405	-85.1074489049304	26.1471212713697	-26.5494726446892	-11.2897522326826
CS608	-62.717404883735	63.0290651272968	-9.34079355148588	-7.32090148738982
D940Y	11.3817207206637	-15.6693708835909	-10.8552589382122	-14.7262206050247
DE1	-5.31105154596071	-7.08493784250346	13.3382974091581	-11.1444004870518
DE2	-11.2742127031426	-10.8343404419591	7.94295437877417	-13.3162134189724
DE811	22.5718520047331	33.4040729831359	1.84904141871335	-6.08221010926112
DJ7	-43.1068665172669	70.9871909691906	-25.7645221216621	1.80179013713486
E2558W	-25.2634659086832	-27.4648297125568	-31.4224033138724	4.30406977817394
E8501	43.7734888636408	8.73095718339831	0.356065265684663	-12.6638808294576
EP1	19.132266826371	-11.0296167049731	-20.0121344043532	-3.66928915985096
F118	-105.621219427845	9.5572237623587	-30.8969507507378	3.75164142691617
F2834T	-8.10346331094854	-23.9938559024467	-41.5141262306026	10.9675128287637
F42	-51.9715150732236	88.6815231091875	-4.34425377145067	5.08825433575208
F44	38.9318823044071	2.83234398307144	-9.65298034795875	1.73807828991231
F6	-2.1578812329646	-15.3852716838761	-23.7046981615667	4.20806235730323
F7	30.3422428260666	-2.90027029158257	-3.07522713976736	-8.89701339775316
FAPW	-6.40270962929353	37.6204143269367	6.827476414584	-11.1361746919547
FBHJ	-30.8652422855168	25.4135063970324	-4.04514843653259	-13.7317823355899
FBLA	14.8985271317326	26.0706756603604	33.9010732493786	2.45350359399262
FLORIDA32	-31.7729646943227	-32.0301973162532	-23.5296035123224	-12.5896711966067
FR19	24.0848032132581	21.1483228255983	-3.59946159283842	-11.8711776762598
G80	-3.18469516521632	19.7378706686029	32.9042410789551	-9.3433247954928
GA209	26.4307625433339	-0.447215567668975	18.2723171087119	11.8778329223942
GT112	9.81991572841559	-15.8981165036599	-4.71683435771729	8.28268064914062
H105W	-11.8664438995529	21.8536219164576	-9.70486421134411	-3.60468283303146
H49	8.81606944155957	-4.56424549475952	0.221296094491971	-6.52531733511443
H84	-25.4270115097551	5.76565737487864	7.58575812166295	-0.239159858976373
H8431	-65.2198717838072	9.29236077193931	48.8287785996986	13.2734495685211
H91	-60.4318011743219	30.4067080987494	0.903997029289088	-16.019804621842
H95	36.5103884746994	1.82536287347106	5.40281595059024	-14.272584865875
H99	-5.09243274946579	-6.22814462976354	6.99766042900134	-6.80540998980429
HB8229	-15.6432718704146	7.78526320893259	-10.2638549640766	-10.0076143657563
HBA1	-49.2848063127496	-19.3809953825463	-5.62978565383182	-12.701966455206
HI27GOODMAN-BUCKLER	38.6597720501955	6.7672326195994	-7.5366286091244	18.3593522700469
HP301	9.37914888687646	-16.7292061183727	-9.78534443529676	-3.05509309767027
ILL.HY	-10.8462161538615	4.38173984428244	-30.1547416856617	-12.8760763968265
I137TN	-6.79904219797097	-28.9578721555167	-6.08146504140513	6.82341494388087
I205	3.1895627221528	0.4622168659929	-2.5099316878688	-27.7112509925243
I29	5.00597980434647	-17.5976196146124	-13.4563815040357	-18.6586966081767
IA2132GOODMAN-BUCKLER	31.9180972050817	-0.586525843083909	-9.66904212588395	-15.8134741821058
IA5125	-41.6846207958058	-39.1838445488811	-2.03331978451571	6.42954233713977
ICI740	-105.671799015325	43.1398818981302	-29.6285953398847	-7.50971787952689
IDS28	43.5271458460996	0.320291628867288	12.8915612420594	14.4312057469598
IDS69	6.56323983260294	-13.6163575470452	-18.0402995059836	-11.1994421771544
IDS91	-24.1370797799937	-32.089980627125	-20.79921677253	-11.8877229155302
IL101T	13.8820429625714	-10.2152456285792	8.47607505824619	-7.83276635674808
IL14H	-44.081541764459	-39.7179534293478	-14.8440703545828	-12.8098971724889
IL677A	69.6875144517118	13.0125198055047	10.8924184425284	-4.36120887883403
K148	8.03397229854836	-13.7763816515843	-12.2551495191759	1.65861361463881
K4	19.357098444179	-5.3486959466008	-3.52258142933744	-25.8831043864229
K55	10.550577666653	16.4760924740047	-18.1650221630151	-4.78567034477088
K64	56.3287719585244	10.8430139288804	-2.16881029649464	5.09253961377034
KI11	37.6354512634377	-0.000871102292234258	-6.93879630795605	15.5073827518556
KI14	54.9298581716142	4.02397639835474	-8.04671689562147	13.1608094932513
KUI2021	8.44812670451711	-21.9525229793221	-14.8427751658696	23.1570130216204
KI21	4.62855884914607	-20.1211166026992	-11.712190716784	14.5947638226188
KI3	-41.5040210514176	-51.535858911492	-28.4689908383963	31.548612391059
KI43	75.8299354962246	9.60726956136888	-0.515412741673071	13.160697542715
KUI44	11.8357596912258	-19.16923832231	-24.3611674524441	32.0876110381244
KY21	42.7831037993149	6.96110794543657	1.4767088527844	-4.25216935801255
KY226	-29.8940967137836	-34.9054755800681	-6.91544710993235	6.1793973819466
KY228	-41.0660773803108	-39.5155222283252	10.1280834669985	14.2043540280933
L127	9.72567531007251	-4.25783288271194	29.7095705701323	-15.995319687468
L317	5.53735547903536	-7.07555869154043	-11.3347212044186	-18.344082242822
L578	46.0553837693691	1.44037752109016	-6.33519848806478	12.289452752873
LH1	-18.4496231012835	4.50913686700283	-9.38246554886753	-26.3290222927947
LH123HT	-22.6019077671035	-15.9618048584954	-16.0986982735626	-31.1698642035023
LH143CMS	-75.2852401217688	11.1146817623459	43.1887498386551	11.0666177064854
LH145	11.3134139243906	29.4351242277772	14.4723572126501	0.118076904338759
LH146HT	21.6510871948595	50.3711578257089	0.711810717066491	-8.43618171033032
LH150	10.8486348483147	-3.08913867192068	-6.34830772202117	-15.5428572381371
LH183	60.3151583821099	10.5337495960412	16.014958416763	-10.5499965243495
LH208	-105.361009941365	29.7445384819365	-30.2313481751958	-3.2575141193464
LH213	-17.9300820821866	-15.4189813616045	-2.11389825252984	-35.9217802809146
LH38	-56.7986110625776	47.3600664037468	74.3472282465821	35.0453297109654
LH39	-52.2073035523906	-34.7908403215746	-14.7328447847274	-29.3489580957662
LH51	0.659552487131562	-20.0306722357168	9.64926856572992	-34.7231854721773
LH52	-55.2615922104465	-48.0862824094156	47.0618113697614	-16.9612671533561
LH54	-125.478702751638	50.4464393138935	46.3475161102143	40.2486408048991
LH57	5.6488515674979	-13.6344848064843	3.18877716156641	-28.5822075646687
LH60	38.9787562768573	5.31303277297363	11.4703664437075	-14.3732942760226
LH74	-47.7627093153464	64.3449637639089	-19.0993493704079	-5.7206417022987
LH82	-39.8880895923063	-25.6593304170052	12.3166472525936	-25.1801417356951
LH85	-34.4187873303678	-22.6910343526965	-7.55237374646344	-13.4151489011409
LH93	-5.7038814263322	-8.63099838967078	-11.7475626485687	-16.0460721941933
LP1NRHT	-40.2149965265274	38.7238782209441	22.5867521203877	4.8914253415456
LP5	-102.927957033169	52.7585695252322	-11.3006327572998	15.7237649927098
M14	57.5069432887654	13.9685002045703	1.16912197930157	-8.30194492446911
M162W	46.0431091637939	2.62752338186451	-16.9440864702357	7.76232739094923
M37W	-0.0399700168168442	-19.0950784064679	-16.6234490034619	9.13843007043622
MBNA	55.8460501798762	5.76294334898617	13.1491945018226	-19.7712237626798
MBST	-18.6622424473641	-19.4506679506094	34.6021014388718	-13.3360469091447
MDF-13D	-26.1044001718526	-27.8213024684791	42.3937198069814	-9.88968553640214
MEF156-55-2	33.2013075133342	1.96539323257254	-6.78827911107008	-6.11966675981708
ML606	-16.8712142708113	-17.1463766891984	37.6531581121379	-7.47720088170054
MO17	12.0490999518999	-13.3347097156832	47.1742964986971	-10.9548231356628
MO18W	7.12974256295121	-15.0420642804373	12.0718453217311	13.1722583909088
MO1W	-21.78429107322	-25.8306462130109	-2.97048089361556	4.55251577858593
MO24W	-29.8305734240793	-35.67889179896	37.4986364132153	9.26201173002417
MO44	11.4883688480614	0.602016109740451	-8.82502515743146	-5.44084384498655
MO45	23.7036934508008	4.32908137650297	-5.73855777280093	-8.42534060160773
MO46	44.2362493315727	15.1404004993238	-0.550066721882618	-2.56787318776476
MO47	60.2629904221447	19.2967193594791	-2.42403828558035	4.02883199099676
MOG	76.3948135032085	15.6502377844897	3.11846855252504	1.46266693942763
MP339	7.98361950554435	-6.85633879482683	-8.70845295216627	-10.9044192233966
MQ305	-17.7880011807633	19.0684783692084	-5.49279963817701	-30.7132241868748
MS1334	-16.8516180394404	-32.818381289873	-26.0246943647595	2.14526697405781
MS153	34.9033431079467	7.09839925161199	-7.25025136495967	-9.83796169794172
MS71	-49.9257207639622	-29.0768355231562	39.1227087323189	18.781914852974
MT42	-76.1908224752427	-58.4557658364947	-18.9978629385983	9.92596941115433
N192	-26.0935313366156	68.4196868837692	-20.7563674923593	8.71421193801758
N28HT	7.45830809386102	-9.65824958027314	-0.879141672569422	3.8360566056746
N6	5.74055015272105	-8.37879830455006	-13.002068505487	2.53863927145679
N7AGOODMAN-BUCKLER	26.1195829592885	27.2613839032094	-6.76487593660879	-5.51306413590098
NC222	47.9420803615987	5.7436254546352	-10.6267865082719	-3.56803764964526
NC230	26.5083204616648	0.91207771099542	-16.3845280263115	-4.48085984603537
NC232	27.2356201599715	-1.60081949598401	-10.5283818371455	-8.8972901654658
NC236	18.1784432832633	1.98673278703137	-9.71921651098063	-3.66893402970488
NC238	-16.6085205343474	-21.7702565211642	-22.5660942510241	-3.01616541694303
NC250	32.6177845083064	25.145487671518	-0.0333499467137368	-7.45947626333568
NC258	-0.343962000746757	-19.3240319470314	7.68350366930316	-15.8130517089018
NC260	-29.5560523824894	-24.1267314414553	-11.4350651800951	-3.95315921492373
NC262	25.1134494375954	-5.50848766583978	7.91209713823825	-1.40092798819834
NC264	75.203016615819	13.7734476432063	6.51696566661179	2.77578257834497
NC290A	19.4799222519006	-5.00025219457682	3.38963684647145	-11.4897421939536
NC294	-42.8588612237586	50.1909297581078	-29.5169932642602	10.1351214958842
NC296	95.8279924974389	16.3164431215221	5.97401939225627	12.3868831967767
NC296A	57.7325085384968	1.95573924494256	-1.20685096092008	22.575155490471
NC298	30.0555473948835	-10.4083467497319	-23.3798646298571	23.5330813524299
NC300	2.06286451137909	-26.7339887356842	-17.1300749748833	25.5872693969557
NC302	21.9056512615027	-14.1303414443941	-11.9074991131595	31.2381866478419
NC304	-15.8143201852825	-36.4743408576868	-19.1248448373899	34.4689971012026
NC306	-47.0415255676756	55.510231211541	-5.40848409281301	21.6105978562119
NC310	-69.0033674256037	75.744319595623	-20.8363077418666	13.1741447462839
NC314	-31.909124179043	41.2836580655704	-22.8561464295259	11.1018724122455
NC318	35.5029082892218	-1.98107063670966	1.32086880264912	5.52262885312863
NC320	18.639063381805	-8.43189574174562	-15.9227016351405	5.18059509693764
NC324	-87.9401991356313	24.0067300508374	-23.4620742660795	14.9897468531778
NC326	-0.570465111567486	80.9282257568158	-1.6501483916926	7.97691298496357
NC328	-57.8381234991666	69.6239618214431	-14.5313492077513	10.8920924417806
NC33	55.5428080085113	10.0223419610524	-4.21137732903636	3.57492313131494
NC336	-12.2086953525163	-39.4752044102132	-21.7908447255401	41.2100765638555
NC338	87.8678150496691	16.7035870075867	1.80954235413884	15.7450755925998
NC340	-67.4198103026032	63.9041896811832	-15.2278021735477	15.1413632044807
NC342	16.9962169621329	-9.07055320403689	7.88757530833219	-8.98176016143191
NC344	3.6731855772327	-19.9976758321031	12.3004549847291	-14.4598686589518
NC346	-11.8137166582914	-37.6608453311471	-22.0184427969308	34.3037956614433
NC348	-2.36733517188196	-29.0506859792889	-18.6694204892422	27.8274614262948
NC350	-8.61954673010806	-29.9907604046835	5.04899163481201	37.2889218083887
NC352	6.66898119770204	-27.3334419846311	-20.2611063077088	31.2926825406928
NC354	19.1580455497881	-14.2693100115151	-15.9407587558894	20.3732235222076
NC356	50.4158377405216	1.65848214020378	-8.18636725059913	13.9569918729443
NC358	64.9613251487962	9.06010363875321	3.44791670115805	16.0171400003832
NC360	25.4283280971287	-8.04275054628728	-3.43777410882531	5.43530160285768
NC362	38.2198454270602	-0.0682097869786461	-3.36981934659655	4.22099259394817
NC364	80.6255266994165	14.5759390860268	3.47741048808547	0.561753301016144
NC366	32.6328523792576	-4.47751163816572	-12.0055936276825	6.03409143448589
NC368	-74.6418678100658	36.4903746899895	-13.204179543082	12.7318185207026
ND246	35.4563541617468	1.31816243922116	-15.2161657960456	2.53756106949993
NQ508	25.5233138921145	16.9204929655255	-0.897958788355071	-20.4496761989456
NS501	39.3072828970539	23.6843023701301	35.7544610524302	-6.0571346845141
NS701	-2.9738478666098	-20.3281199256576	47.673337130842	-4.03887664006057
OH40B	33.8895265691853	10.7062465885933	-10.6796209909011	-13.6072560557505
OH43	-8.57171514450626	-10.6098142622069	-2.36855704812345	-31.4087081953696
OH43E	3.87933980107557	-14.9783590918219	-1.11191467870512	-27.791109086922
OH603	30.8470729035846	-0.0791455116543446	7.32218537249121	4.23430508003012
OH7B	15.775777697039	7.18962041744589	17.8563030965527	-4.67249057873638
OQ403	6.54402606383039	4.76904518881899	-2.65550569579369	-30.4917462031769
OS420	-10.5568102021272	-8.49430638796134	-10.1202584237662	-19.3542219795122
P39GOODMAN-BUCKLER	-11.5821806783822	-21.7857906364164	-6.52784538469078	-13.6443843164045
PA762	61.8059230390698	8.72488634587532	1.98972145912222	-8.23842105503804
PA875	3.84152497901327	-8.91160473369977	-8.05343080061132	-7.31228997153589
PA880	18.0978405146707	-1.40310906840918	-0.770869389209189	-17.1609417214965
PA91	-5.57834814383548	-13.3597257807746	-6.58741188321591	-24.9456526751625
PB80	-128.318446582761	59.2317528735206	-18.1596097146454	-0.693846276184274
PHG35	14.3746671179164	0.412462677524558	38.6776303487849	-7.95765753592224
PHG39	-32.212380171675	22.2245590682537	23.7284347643664	1.24790603091454
PHG47	18.5199311074299	-1.37862251623901	1.63145869367191	-26.4490719289499
PHG50	42.6328821838969	9.20282585929525	23.087198904529	-22.5723858077911
PHG71	-19.0553164328732	14.6671034113266	39.5431917529042	-9.38584923879915
PHG72	-3.35640301325726	8.63898185495845	9.40469143599135	-32.1189042675134
PHG83	-8.83290230092583	-7.33182278004575	13.2835001311167	-26.6929498081278
PHG84	45.7263392235915	8.12880074998193	1.5072657508793	-15.7294157228197
PHG86	-55.2786442705368	52.833070257985	-3.59016016263195	10.105291120263
PHH93	-3.77516171271098	-8.1028788056191	47.4873559362624	-18.4948837520419
PHJ40	-21.6619529151656	-9.86280010347259	20.4573996673403	-16.7955168556422
PHK76	-1.710958697088	-17.5730870568905	62.5847968290489	0.338468964511201
PHN11	-2.25124730451492	-4.91809617908907	42.3638881760414	-16.0283437281488
PHR36	-6.56693569970191	-17.73831069086	-13.5045941906272	-23.6845127408921
PHT77	-13.4195921251112	-13.8745479179244	64.5556694843761	-0.385717412265396
PHV63	31.5952934810675	25.7818833064736	-7.56394242401685	-10.4513201451729
PHW17	16.871908563533	55.6435697894847	2.04288569579887	4.08821678116955
PHW43	-16.2566335823977	-10.8918140531178	34.4446066425301	-12.1696475875829
PHW65	-39.4726260236679	-25.9742554648025	-8.74931324775281	-29.3564502538794
PHWG5	-11.6207143798319	-15.2860271732365	11.0312697088815	-20.8147044529642
PHZ51	-0.102701048391134	-14.0260856353378	-5.09846683086346	-18.5696246155245
POP-N-EAT	-50.3577380658849	-37.0041552101869	-12.8174766627041	0.936412456699303
Q381	70.8834422547128	17.7674940879583	9.03440300600181	-15.7853320737077
R109B	-20.0295696141824	-16.786523410848	-4.04224354549222	-1.83170093037122
R168	5.65448273053093	-5.62883517304744	-22.4607033989782	-13.9659163715733
R177	65.8798497501267	15.6587204569961	-10.5010624970758	-2.22217179804478
R229	36.1277236803071	52.6508967674921	-1.97593454308174	15.3032058567644
R4	59.2168698508444	17.8931628698226	-3.6607270431636	-4.65559763570357
RS710	-26.9501301824109	-1.91735906356407	43.685684395139	8.19447243772615
S8324	-65.0456462770935	38.8419179418118	54.6218360309974	29.5173256057818
S8326	-76.5859959872312	-62.1359252007044	34.1695493126871	-13.9550969398771
SA24	44.5144679773606	0.76162289056152	-2.65969795482056	-9.88038057248671
SC213R	-5.17825922007294	-4.11144236990008	-18.4225125607224	-22.5055555025566
SC357	39.0831664072652	6.49651176548336	-6.43266951994924	-6.73547816999089
SC55	-15.2088530457509	-27.3041153813606	-15.0882448317955	-6.35343131745569
SD40	-6.35476713172324	5.73717182262792	8.27431344493213	-7.73855402085488
SD44	-8.38276884565236	-11.1161073039605	-8.31205953810651	-27.2524172056122
SEAGULLSEVENTEEN	-35.8528479084753	-39.5595077293848	48.2776338068464	-16.2337009892532
SG1533	-25.7147633498562	-32.9060406207716	9.44167710119019	9.83869323606181
SG18	68.2853625091225	15.3078922237691	-4.43753268464682	-0.991479573610842
T232	33.0582503044447	13.2231504679498	-9.96845094899728	-1.64512099872024
T234	-20.7417215539509	-35.0279001468806	-14.9826570966018	12.4143054318884
T8	17.5324807718889	-4.71431066652714	-16.0819342561405	23.023621149592
TX303	-37.1446784297481	-34.8467930747134	-8.76194360951183	8.52461486258115
TX601	9.42782972130458	-16.7107359076638	-12.4634806724113	18.0852831466097
TZI10	52.1924256545372	0.9547577133922	0.483396601580828	19.3804017401555
TZI11	5.45021788871327	-18.1044469565365	-15.2814052814407	24.1728993455235
TZI16	53.7358068667151	13.3099100409504	1.40626568067504	7.14586776282294
TZI18	27.9768002866016	-11.1842514613933	-4.24853602246015	15.0983958591618
TZI25	57.5209413360587	19.999028542676	-6.85067938801688	3.39164809995845
TZI8@	51.737985059637	3.77136176578961	-0.604761302527375	12.3592581673694
TZI9	94.5625245012083	16.1232656296512	5.0321751421563	11.2588288153872
U267Y	-9.40167466297231	-24.1410984114601	-22.2435892274706	2.28180255732722
VA102	69.4554223232791	12.7022861173942	5.65438109821474	2.16615959804575
VA14	26.8709868499171	5.32988070628203	-2.97686986603266	-3.87160931052562
VA17	16.0540698170153	-4.06887935880142	13.1591768813163	-6.78651383268719
VA22	-16.0952854063033	-31.0809103084204	-5.36082227538728	-8.70300442337198
VA26	-7.86972985975179	-14.0129424801857	-5.51294770551212	-19.6703510304618
VA35	-35.6494111547116	-34.3573663959661	-13.1581044940061	-6.17875419517528
VA59	29.6904783318051	-0.40356741181942	-5.12043798688878	-7.08492970220473
VA85	-18.7370472004707	-22.5428097490423	-20.5088436031433	0.592360738488244
VA99	-26.4996034733843	-13.6540873809781	-25.0557239019233	-21.4383022867136
VAW6	10.7299726891741	-4.97777790505493	8.00587012060425	5.30727067991914
W117HT	5.62620544753906	-12.1158066160137	-1.49651228977494	-19.8987352389976
W153R	-26.0046476865668	-23.4408450787206	-5.56715202362923	-1.18743398817315
W182B	6.98879569827901	-4.63443672735074	-14.2724390494239	-17.978424530247
W22	3.48492427161013	-6.36956931827411	-21.3518591689093	-11.8546111722271
W64A	-48.4409992021777	-32.1377321850829	-5.80147344395045	-11.1521393464595
WF9	12.570897861653	-2.55395945908226	4.16719038755683	-8.60504041469272
WIL500	17.0688578463618	6.01146298808769	-7.53763552151775	2.16624456561653
YU796_NS	35.6947762696004	-1.63891364037163	-13.8744406861462	-5.21292161573583
ZS01250	14.0380981532219	-1.58361661330723	40.6023657369813	0.049514887237301
